Code	Q_6_35_10days	Q_6_35_5days	Q_6_35_2days	Q_6_35_1days	Q_6_35_12hr	Q_6_35_6hr	Q_6_35_3hr	Q_6_35_1hr	Q_6_35_30min	Q_6_35_15min	Q_6_35_5min
5387440	1655.9184	1559.031374	1117.263353	658.2380164	315.9807124	139.2039935	59.71484264	15.01356713	6.1381409	2.46847025	0.56592153
5387500	2305.377435	2167.078751	1513.214419	826.652756	379.6945898	162.7918999	68.02429816	16.40002455	6.53889446	2.57094722	0.57286176
5388000	2567.305842	2413.895149	1667.995581	886.0379307	401.6962406	170.7067799	70.7192294	16.82228531	6.65639061	2.60042907	0.57533982
5388250	3469.12277	3252.193698	2183.623514	1058.903952	459.3014903	189.6022786	76.37997557	17.40385863	7.02532112	2.87520196	0.67442391
5388500	190.0923671	181.2589927	140.0367431	92.70268516	50.49500021	24.0210617	10.98136822	3.06882665	1.34433249	0.57909915	0.14688378
5389000	990.2512155	942.1197684	716.4826645	460.7195814	238.3835731	109.5960529	48.82226372	13.04770544	5.53966009	2.30775832	0.55396465
5389400	155.6798341	149.3675616	117.0667224	78.66812099	43.87111165	21.18286221	9.75976535	2.75922741	1.21881585	0.52953232	0.13627127
5411400	130.7210411	124.8531715	97.46766816	66.21981609	38.34622834	19.41965899	9.22886024	2.73854164	1.25194544	0.56466333	0.15490575
5411600	796.3693158	751.1873426	558.1612331	351.0750579	183.5003775	84.89244899	37.85986024	10.11762284	4.29426459	1.78862823	0.43012666
5411850	2896.527327	2723.407064	1970.210011	1147.364615	533.8448333	232.9030021	99.19593876	24.5956695	9.94162654	3.94431319	0.91196662
5412020	4080.961104	3809.419381	2612.020388	1423.077366	637.043373	271.2049045	112.8725136	27.06608721	10.7699836	4.23596264	0.9435095
5412060	18.7398618	17.8753335	13.76966856	9.27975667	5.3892248	2.77827485	1.34457785	0.41175254	0.19277897	0.08941347	0.02583701
5412100	319.9416576	303.9048638	230.2287855	149.8992153	79.52724399	37.29685152	16.9431618	4.69298095	2.04407032	0.875364	0.21989743
5412400	1582.466932	1489.036761	1073.672298	623.8001069	298.1912207	131.19175	56.07579375	13.97069133	5.66781768	2.25932273	0.51064449
5412500	7010.874837	6553.496999	4403.114363	2210.406357	956.0870733	400.2634887	164.2581822	38.56022063	15.12821521	5.8558118	1.2746742
5414500	588.9070234	562.6648961	434.0167685	287.6615086	158.3610343	75.74060969	34.68516188	9.70696085	4.25638946	1.83449778	0.46576238
5416900	1245.7748	1178.303042	886.4252296	569.1454264	296.8249828	137.7075709	61.96995534	16.87255396	7.25891763	3.06584198	0.75275003
5418400	2275.189146	2149.748308	1555.466521	898.5840647	415.9407501	180.494863	76.34203185	18.72164238	7.52356204	2.9721171	0.66264225
5418450	2325.82926	2195.983149	1583.076764	910.5216829	419.9970669	181.8476587	76.75558519	18.76362912	7.52763027	2.9693789	0.66099128
5420560	436.1149325	413.7958009	310.7591491	197.2492767	101.786977	46.80188628	20.81459303	5.54167126	2.34649166	0.9745207	0.23281339
5420680	1563.631373	1469.389544	1058.779532	599.001519	268.0754589	118.3690882	51.81818246	13.46391261	5.61297939	2.29573283	0.53628014
5421000	4741.640324	4431.909321	3047.275275	1567.121336	700.0903286	298.7027147	124.4263377	29.76989081	11.78099632	4.58630576	1.00549927
5421740	7118.579778	6575.503531	4199.303485	2035.083788	871.8558354	361.1436265	146.4593102	33.77226747	13.24411684	5.22259786	1.16729517
5422470	82.85279088	79.67502605	62.28080026	41.51441504	22.97890651	11.07537683	5.09762853	1.43750858	0.63328239	0.27412861	0.06999872
5422560	70.96846304	67.98434303	53.15825798	36.1539718	21.01111567	10.71838697	5.12992983	1.54184558	0.7119783	0.32491151	0.0911919
5422600	260.6897149	248.9301012	193.3000622	129.772085	73.41254227	36.12348775	16.86142565	4.86858812	2.18145695	0.96240641	0.25379447
5448500	506.0916852	479.2694231	367.4293326	243.823986	133.4759177	63.21987231	28.77898186	7.99380293	3.49176153	1.50124214	0.38020737
5449000	602.8827556	570.9666781	439.5713668	293.0628108	162.8418201	78.40020392	36.03515083	10.15005157	4.47364648	1.93921648	0.49723871
5449500	1920.273796	1813.979757	1362.655247	865.5128014	445.8196448	203.3572989	89.69401448	23.59356913	9.92711611	4.10445293	0.97824999
5451210	1014.190837	961.2621126	719.9203734	448.391996	215.0953713	95.75377593	41.83405775	10.86736573	4.53642742	1.86012716	0.4378739
5451500	6901.223737	6452.027816	4209.197851	2004.781862	863.0373057	353.4403968	141.3804183	33.49822824	14.045091	5.78368649	1.36713542
5451700	540.8588062	513.6978477	391.5829564	258.6988987	142.5803307	68.48353441	31.63671532	9.01786343	4.00866991	1.7541677	0.45713843
5451900	254.3246003	240.4651579	181.4326988	119.4731022	66.83471043	32.71272225	15.21938161	4.37182281	1.95248314	0.85825224	0.22528331
5452000	901.4046687	854.8991894	652.0806524	430.343948	235.1054257	111.8820415	51.38822639	14.52604691	6.42609939	2.79940499	0.72514423
5452200	320.5446914	304.2020447	232.0756428	153.3351935	85.08258729	41.13251692	19.04571635	5.44042117	2.42133368	1.06041642	0.27652587
5452500	11029.93947	10245.81681	5961.137039	2624.68165	1174.21615	502.7190593	210.5098808	50.9301785	20.3225924	7.97918133	1.76405239
5453000	845.8564511	799.6465324	597.9903538	382.6108655	198.6755775	91.63752507	40.9568968	11.01235496	4.70134719	1.97358807	0.48199617
5453100	12571.84126	11649.76696	6509.770304	2976.734115	1313.127267	555.1748515	229.5494841	54.44191097	21.47376031	8.34658624	1.82292063
5454000	114.5308707	109.0903976	84.40585134	56.84516494	32.64077457	16.375829	7.72404343	2.26491446	1.02619887	0.45831072	0.12343267
5454220	275.1402065	260.7052229	198.0700785	131.0620003	73.73125886	36.25214012	16.91360768	4.87865641	2.18452589	0.96273524	0.25347882
5454300	444.3791298	420.6924059	316.942328	205.0845038	111.2035037	52.87009763	24.06488456	6.65645573	2.89261198	1.23405413	0.30761989
5455100	911.56637	860.5852181	638.8687754	401.1987398	205.7505124	94.41992865	41.93728922	11.14066183	4.70944882	1.95239702	0.46517547
5455500	2595.639638	2444.183372	1777.889383	1070.225922	516.3935148	230.2423903	100.0784395	25.68139292	10.61716091	4.30656633	0.99412963
5457700	4842.103939	4548.637114	3282.059267	1949.870064	920.737554	402.7128239	171.5353995	42.55953893	17.22894735	6.85235987	1.54082242
5458000	1332.207129	1251.643752	899.2876749	526.5587861	244.293189	106.4227365	45.17848902	11.12633097	4.60604744	1.88536318	0.44293226
5458300	7025.854553	6556.087662	4560.286696	2605.856017	1196.582969	515.1457167	216.352333	52.55394201	21.02218745	8.27528734	1.83743046
5458500	7532.353957	7012.859672	4791.159065	2699.860714	1229.887444	526.6340407	220.0890213	53.08704914	21.15807624	8.30493382	1.83844893
5458900	3846.353116	3619.540617	2641.952007	1624.256415	803.444506	359.1027036	155.8405268	39.87399495	16.4656774	6.67782325	1.54466571
5459000	1358.747168	1287.01304	987.8880507	647.350435	342.2800081	158.0188664	70.42789369	18.84789734	8.0185225	3.35015408	0.81019873
5459500	2333.053182	2204.786392	1620.445464	937.7037897	438.1729536	190.1199903	80.30086325	19.62359404	7.86278598	3.09575718	0.68656185
5460500	5855.620825	5505.380537	3986.900804	2259.221051	1014.941177	435.2839858	184.3670043	45.52016778	18.39278514	7.30690151	1.64237786
5462000	7795.481207	7291.160055	5072.8753	2732.096383	1207.507858	513.0321099	213.5951919	51.28983973	20.39495981	7.99140839	1.76709173
5463000	1584.604272	1492.886078	1107.629121	694.3810592	345.5294696	156.4730428	69.13538404	18.29385204	7.73823466	3.21877545	0.77392204
5463500	1352.689141	1279.556544	961.2763055	617.7431177	322.8542911	149.4824825	67.08058657	18.17311386	7.79437282	3.28375111	0.80515941
5464000	23176.88559	21606.35767	14584.52177	7452.374573	3235.565875	1349.368806	550.7810715	128.232622	50.09877559	19.32977265	4.19267309
5464130	62.62316124	59.25899275	45.25724951	30.37653052	17.52619598	8.91512385	4.25443229	1.27130439	0.58441584	0.26513203	0.07363021
5464137	88.36824424	83.55958741	63.51435782	42.29682709	24.12016326	12.08803532	5.70746778	1.67662511	0.76074263	0.34011481	0.09188259
5464220	1348.109382	1272.788094	943.9698845	580.0061413	281.822761	126.158667	55.01534795	14.17681169	5.87012329	2.38172586	0.57842426
5464500	29269.54009	26968.45225	17134.61274	8311.941759	3535.890952	1450.97037	583.3708929	132.9963456	51.40867154	19.66899272	4.22686198
5464640	806.028284	760.8575208	567.5996239	363.2573637	193.4256427	90.75032998	40.93448885	11.1543796	4.79838245	2.02534821	0.49647984
5464942	12.4369924	11.7088983	8.79077833	5.80772179	3.31766228	1.68953275	0.81616047	0.2500805	0.11729918	0.05443557	0.01578747
5465000	34959.77282	31728.1174	18762.69392	8806.707899	3690.129745	1496.215592	595.3860123	134.054688	51.5394263	19.64432542	4.20563221
5470000	1435.8013	1365.799061	1045.975361	669.0505874	335.029788	151.4212064	66.60011962	17.46336466	7.33227193	3.02334043	0.7163859
5470500	950.6325526	905.2247083	703.203136	464.193474	245.2050014	113.3489505	50.5580046	13.52989373	5.75061445	2.39827122	0.57721135
5471000	2532.47753	2408.662268	1844.192684	1170.062378	577.1125455	259.0293059	113.2951631	29.42313668	12.27366855	5.02761586	1.17996571
5471050	3638.698939	3447.845067	2544.229985	1530.039796	724.2926235	316.9127798	135.2523045	33.74757006	13.73308673	5.49720782	1.25123651
5471200	1257.69475	1198.987768	919.0644937	585.9157246	291.7536339	131.7061688	58.0465691	15.3151651	6.46385234	2.68052354	0.64108276
5471500	7408.450328	6976.179509	4961.236493	2759.067996	1246.394366	531.2585689	220.9855896	52.8086163	20.90389394	8.14896406	1.7883035
5472500	3315.043356	3109.989504	2184.388488	1248.31693	583.2184323	254.2514996	108.2000008	26.87131928	10.90316327	4.35292695	0.98748696
5473000	13198.93396	12248.0621	8089.501712	4161.523596	1809.249137	752.5894318	306.084237	70.76903398	27.51112102	10.55963854	2.27265631
5473400	2409.404821	2259.849258	1628.870622	991.1175893	483.2050533	216.0685515	94.31424556	24.45077424	10.19942273	4.18231109	0.9850696
5473450	275.0014804	260.0341992	199.0381707	132.6137885	73.81933634	35.65829262	16.47548066	4.68967303	2.08306809	0.91089246	0.23739132
5474000	19427.8107	17892.82147	10761.60174	5118.798625	2157.1236	875.7539697	348.1630726	77.98643597	29.82935227	11.30072709	2.39532516
5476500	6260.146924	5816.044086	3892.620029	2097.524655	930.717277	392.0570789	161.6939326	38.38163305	15.19775231	5.94290827	1.31354087
5476750	10196.22615	9374.996806	5248.37781	2533.043781	1073.057425	436.3507171	174.4451827	39.80949854	15.48400275	5.97663782	1.30377124
5478000	2049.238633	1913.55482	1342.020725	754.9007678	341.8675318	146.5649562	61.51532846	15.01898387	6.0536588	2.40845552	0.54604817
5479000	5837.027925	5428.043466	3625.767836	1708.53981	787.0703283	339.7838093	143.2500836	35.08567336	14.12623835	5.60160052	1.25981859
5480000	1138.431125	1070.366072	784.2705431	445.3816628	200.2428425	85.78972009	37.34875374	9.71614488	4.08753816	1.69655349	0.40838479
5480500	18837.58314	17353.88713	9173.469724	4095.141706	1818.688917	770.6643028	319.3314023	76.03308137	30.07449239	11.72525165	2.57492116
5481000	3796.092706	3561.638934	2562.584224	1482.663929	691.0878094	300.5700361	127.5775179	31.57064077	12.78693392	5.09708055	1.15382625
5481300	24477.28814	22475.44542	11503.80455	5630.975778	2442.638239	1019.888063	416.895312	97.24997823	38.14428202	15.08570863	3.38154206
5481500	24729.19259	22664.49237	11578.57755	5654.317418	2447.119256	1020.193846	416.4754363	96.98904276	38.01828923	15.01599541	3.36069544
5481950	1658.626571	1574.601953	1175.2482	711.3346929	343.0509707	150.96724	64.59619136	16.1581595	6.58177902	2.63653453	0.6009452
5482135	1029.127366	974.0467159	751.4739938	501.1096323	275.7813983	131.2469501	59.85713561	16.65000391	7.27292605	3.12324962	0.78832609
5482170	368.2711011	347.8994752	266.272063	175.538829	93.99520339	44.07806099	19.95741559	5.49162516	2.38110105	1.01424172	0.25257336
5482300	3141.407339	2959.158699	2216.824351	1410.519147	720.0656626	327.4843352	144.3947744	37.97572445	15.97357257	6.5998504	1.57010271
5482500	7238.143742	6752.062698	4777.287506	2739.924376	1260.758504	543.1288774	228.4020499	55.71519707	22.3812503	8.85855797	1.98829714
5483000	118.946225	113.2240051	89.96286301	62.58837259	36.4465644	18.10728144	8.48166236	2.4676776	1.11492904	0.49733444	0.13457698
5483349	30.3159149	28.85951369	22.59694696	15.51382631	9.15400143	4.77965323	2.32371159	0.71201687	0.33326697	0.15430452	0.04440702
5483450	1722.151657	1624.012256	1204.459138	751.1587751	375.2323147	169.2721	74.17195377	19.28965784	8.04876878	3.29698746	0.773215
5484000	4454.68519	4185.647523	2996.762825	1726.830873	799.0630733	346.66907	146.6343742	35.96480163	14.45597385	5.71315689	1.27517504
5484500	15403.35586	14297.80059	9462.805441	4651.844504	1995.212456	823.633384	332.9593193	76.59935807	29.78816197	11.46800393	2.48876687
5484650	15760.46983	14590.8921	9581.698645	4676.119023	1999.087827	823.4272653	332.2891587	76.28287184	29.63922855	11.4037044	2.47340638
5484800	346.0070559	328.5267742	252.4797862	167.640678	92.88661512	44.69591592	20.54819563	5.78396092	2.54479307	1.10021078	0.2802852
5485605	275.5523904	262.7952541	205.1673099	137.5249036	75.66832122	36.10445558	16.49778141	4.59759891	2.00892114	0.86212168	0.21701724
5485640	416.5273381	396.1322019	304.3016794	199.5490978	105.6798195	49.144774	22.07597002	5.98026238	2.56261318	1.07787298	0.26320592
5486000	1578.064453	1480.120683	1053.927559	598.8020677	274.5662172	119.0232731	50.41283699	12.39751723	5.0613804	2.03357509	0.46381075
5486490	2208.774187	2063.237956	1389.874875	692.4529948	307.6642589	129.0497937	52.82041509	12.47833238	5.16790301	2.10250139	0.48875103
5487550	92.78863662	87.84383131	66.87636233	44.61459642	25.54706143	12.89873591	6.13260218	1.82425553	0.83545236	0.37757476	0.10399727
5487980	1537.443362	1452.295193	1069.075659	625.6599163	289.3535145	126.4007177	53.74159018	13.68283343	5.83061875	2.44941348	0.5989308
5488200	411.8819072	389.467006	290.2219279	185.2114192	98.29744841	46.03871815	20.76599868	5.66518366	2.44020304	1.03159258	0.25360706
5489000	1684.860631	1595.528332	1197.34897	765.311599	391.6537011	179.4166615	79.92313962	21.385544	9.09039343	3.79196945	0.91288303
5491000	482.4808405	456.089289	340.3383766	215.4748249	112.3492999	52.04804612	23.26125779	6.23868142	2.65294973	1.10610371	0.26537566
5494300	397.5443123	377.3226495	285.4831642	186.3724216	102.6164394	49.43534259	22.72086115	6.38857293	2.80855766	1.2130625	0.30867263
5494500	729.5304077	690.4324476	508.393569	312.0385094	158.9841249	72.44839582	31.84399591	8.30165735	3.46661287	1.42059632	0.33326179
6483270	3558.307004	3376.944618	2483.991465	1454.800311	672.7915485	291.0106372	122.8564007	30.06422206	12.07085514	4.76542086	1.06189995
6483290	3845.411776	3650.023242	2681.804008	1549.254667	711.4348675	306.5078465	128.8759292	31.3162936	12.51534339	4.91842656	1.08888127
6483500	7151.102841	6762.849452	4883.671269	2661.872558	1178.820305	500.209554	210.2955017	51.20182135	20.47970166	8.04902875	1.77879929
6484000	222.2949307	210.9807512	159.9273145	103.1062767	54.57129108	25.41066853	11.40023328	3.0824873	1.32037136	0.55553912	0.13585016
6599950	148.0246611	142.0331987	111.7830426	75.76678945	43.22014946	21.36372604	9.9719332	2.87340468	1.2852525	0.56570041	0.14857058
6600000	293.399317	281.037479	218.8875174	145.4995815	80.04127829	38.21857384	17.46157913	4.86102934	2.12164201	0.90900339	0.22797657
6600100	1197.279594	1130.820232	843.0613797	531.5621617	264.6622232	119.6923835	52.72820997	13.86518339	5.87726935	2.46483245	0.60184685
6600300	813.377837	769.9032216	578.3697734	365.109824	186.7908016	85.62607643	37.96839598	10.04576497	4.23103084	1.7460872	0.41243776
6600500	3985.431817	3752.998925	2702.423499	1535.993215	708.1743542	307.8326379	130.7669162	32.33699176	13.07077269	5.1949607	1.16988143
6602020	1822.787685	1720.181477	1268.883842	788.5907242	386.7392992	173.0594428	75.60110847	19.65550191	8.22075517	3.38019646	0.79924609
6605000	1978.883196	1870.081411	1394.569815	840.8173267	394.0522893	173.8110468	75.41368001	19.50623396	8.13092556	3.32798115	0.77806444
6605600	6081.620464	5712.624532	4138.51914	2380.415218	1098.025779	475.8487545	201.3556956	49.49709	19.93693916	7.89645373	1.76771563
6605850	7037.095536	6579.508861	4692.538535	2620.573522	1189.115008	509.9441233	213.6195799	51.69237486	20.63033994	8.10456723	1.79598701
6606600	11312.24576	10449.08643	6786.694046	3422.846988	1480.109165	613.5354399	248.9718436	57.55795262	22.42354833	8.63667962	1.87076052
6606700	12385.7044	11349.39029	7109.34558	3516.085991	1505.417488	619.6402766	249.9707512	57.38755427	22.29236976	8.56892932	1.85222373
6607000	180.2995531	170.8990477	130.7235874	87.43644568	49.88331956	24.9549015	11.79672664	3.47818275	1.58258313	0.71008771	0.19317338
6607200	3028.734044	2863.163027	2089.970982	1237.206617	563.7573702	251.0111004	109.3073826	28.17692896	11.69393656	4.76599343	1.11068241
6607500	15948.44574	14658.93512	8662.779517	4066.658987	1705.363685	690.8642384	274.6043922	61.76604056	23.74670294	9.05362338	1.93936974
6608500	1849.703219	1758.015772	1320.472739	834.4984149	423.7726837	192.647807	84.98216962	22.32436222	9.36695174	3.85424331	0.90806972
6609500	3934.584137	3708.538154	2667.785118	1473.348631	699.6747063	311.6890039	135.5110963	34.85225724	14.44842535	5.88295771	1.36837724
6609560	130.8010265	124.8492904	97.19347149	65.55619849	37.41732653	18.56381665	8.69086894	2.51813858	1.13134719	0.50050852	0.13269914
6610520	151.1891287	144.2943685	111.4593146	74.85648747	42.63501601	21.1303655	9.95622861	2.93169067	1.33452543	0.59961802	0.16374452
6806000	137.4236063	130.7942268	100.3662551	66.87699659	37.69582797	18.55054516	8.69601751	2.5333964	1.14327706	0.5081545	0.13594805
6807410	2756.844198	2597.19765	1903.907313	1186.645206	595.8610115	269.4698801	118.4886451	30.99833032	12.98321666	5.33779021	1.25898762
6808000	50.32222767	47.8255542	36.73395215	24.55892439	13.91265305	6.89685557	3.25905789	0.96327069	0.43864257	0.19799494	0.05425951
6808500	6000.34561	5623.655535	3900.431828	2159.511105	997.6306724	430.3170559	181.0048011	44.10859141	17.69845041	6.99754276	1.56971317
6809000	118.947956	112.9021167	86.21347494	57.56092954	32.97687528	16.68596843	7.96649312	2.38870736	1.10074369	0.5008186	0.13946074
6809210	1988.068845	1879.049434	1394.865699	880.5942081	448.3735409	204.9802168	91.18927657	24.37414575	10.36453751	4.32899596	1.04618761
6809500	4045.861155	3807.958222	2773.861147	1706.876531	835.1156228	374.7669162	164.0920518	42.71897358	17.85402469	7.32911105	1.7259623
6810000	12691.21536	11872.30958	8125.045324	4545.091035	2084.668856	897.0703007	376.9880917	91.79813617	36.81862384	14.54763842	3.25699991
6811840	227.6647739	216.2649002	164.6231932	108.3742733	59.72078805	28.76348659	13.32155546	3.81468038	1.70186869	0.74794007	0.19647129
6817000	3442.874261	3245.137863	2357.693112	1441.85571	717.7500243	322.978087	141.0369684	36.45977402	15.15594467	6.18627275	1.44456601
6818750	975.5865132	918.1833645	682.0931275	438.0083815	230.8588984	107.7452285	48.83701985	13.50683343	5.88637937	2.52492256	0.6376493
6819185	388.639283	368.4513526	278.1603465	180.7989309	97.77097942	46.43026873	21.21022744	5.91459443	2.58588959	1.11062004	0.28002006
6819190	419.4894805	397.6944863	299.7158682	194.0821515	104.1912074	49.19190339	22.36979415	6.18928471	2.69087248	1.14907434	0.28691857
6897950	236.529832	225.1371817	173.7464449	116.2983827	65.24760088	31.71591092	14.75655713	4.25539257	1.90838369	0.84404719	0.22530824
6898000	3144.282607	2946.786477	2056.73832	1105.753673	491.3445605	208.6156635	86.52664882	20.60606422	8.15611876	3.18307987	0.69868317
6898400	479.6084314	455.2229639	346.1560218	227.0901876	124.2539539	59.37386818	27.30521015	7.71681218	3.40845485	1.48034422	0.38049079
6903400	839.6302759	793.3109844	589.2166826	364.3261488	181.7235954	82.43163649	36.18812564	9.4036996	3.91171492	1.59409518	0.39728668
6903500	61.68619494	58.259484	44.32799456	29.60938677	16.97066507	8.57118649	4.07685077	1.21456471	0.55675732	0.25184863	0.06947844
6903700	767.7015084	726.6414695	549.3059908	357.5690643	193.3521494	91.39879581	41.54582334	11.48410084	4.98916193	2.12807391	0.53024458
6904000	3223.477363	3028.886979	2186.804992	1261.262491	596.6275012	266.2238908	115.7505661	29.72563757	12.29974388	4.99502763	1.15604073
