Code	Q2_33	Q25	Q100	Number_Y
5387440	175.1110912	540.85088	767.951616	14
5387500	193.7152288	556.42512	805.046624	54
5388250	217.897776	675.638848	1044.606752	41
5388500	65.6100256	128.983024	157.86616	21
5389000	209.7991712	599.466656	800.799104	29
5389400	22.25134144	90.7270272	141.6123168	25
5411400	19.13649344	41.2858944	52.5559808	10
5411600	95.144448	285.433344	400.68272	38
5411850	250.2072448	1286.432224	2359.355776	16
5412020	256.0688224	1164.669984	2005.678944	15
5412060	10.53951296	61.5607232	119.496896	11
5412100	43.18312	257.1448608	510.551904	14
5412400	160.6412064	634.862656	1034.412704	17
5412500	462.130176	1060.180992	1432.83008	97
5414500	212.6874848	594.935968	881.785152	55
5416900	184.200784	1052.818624	1906.570144	16
5417000	149.2012192	395.01936	557.557792	49
5417700	54.4532064	143.4812256	195.2726528	19
5418400	274.389792	792.587232	1107.753216	18
5418450	201.1342304	334.13824	390.488672	15
5418500	462.97968	1059.614656	1366.2856	102
5420500	3913.38176	6487.37888	7696.50624	66
5420560	95.5692	240.4379488	319.413504	34
5420680	123.5178816	430.698528	681.302208	17
5421000	223.5045024	688.664576	998.450368	83
5421740	364.154048	1096.992832	1558.273504	14
5422000	348.29664	869.608928	1191.570944	82
5422470	32.5360032	135.8923232	219.6817344	30
5422560	39.7567872	64.845472	76.596944	23
5422600	101.0626592	225.5999456	291.66304	23
5448500	16.40109056	55.784096	85.2618848	10
5449000	30.0441248	111.7380928	178.9055424	46
5449500	70.3106144	195.810672	276.230384	75
5451080	10.09777088	22.4693808	29.6760064	11
5451210	74.0767488	201.7288832	288.83136	21
5451500	270.6802912	692.628928	933.03856	100
5451700	88.9430688	250.6319968	344.898624	67
5451900	54.2549888	155.4875488	227.5538048	67
5452000	130.540448	560.106304	987.123648	71
5452200	93.44544	215.0377792	275.6923648	67
5452500	341.500608	926.525696	1288.697568	22
5453000	131.1634176	255.7856544	318.564	71
5453100	397.284704	950.02864	1272.84016	60
5454000	51.4233088	154.9212128	213.1122368	79
5454090	33.1023392	92.5393024	130.5121312	10
5454220	50.3189536	163.8693216	245.4217056	22
5454300	59.890032	189.01464	283.734336	64
5454500	344.898624	803.064448	1050.836448	56
5455000	12.66610464	41.05936	59.9183488	59
5455010	16.15756608	27.0567024	32.3661024	17
5455100	88.8298016	318.847168	508.852896	64
5455500	206.7692736	610.510208	891.9792	77
5457700	317.714496	798.250592	1073.773056	60
5458000	103.3280032	406.062912	638.827008	62
5458300	453.0688	1468.509248	2136.50256	16
5458500	350.278816	1011.192928	1406.495456	95
5458900	200.5678944	607.961696	852.618848	71
5459000	38.0011456	78.9755552	96.843456	41
5459500	106.2729504	278.6089952	384.258976	84
5460500	293.362048	725.476416	1006.66224	21
5462000	298.74224	969.567232	1426.883552	63
5463000	132.239456	481.951936	734.82096	71
5463500	108.3967104	473.740064	769.084288	59
5464000	811.27632	2276.953888	3103.52128	76
5464130	14.18954848	35.6508512	46.0148	14
5464133	4.57882656	12.87848064	19.01756288	14
5464137	16.11509088	38.1427296	51.0551904	17
5464220	125.6699584	461.56384	701.407136	18
5464500	812.125824	2083.266976	2851.50176	114
5464640	98.9105824	232.339344	304.688768	16
5464942	6.15607232	25.12266496	39.4736192	15
5465000	942.099936	2249.203424	2970.43232	77
5465500	1115.68192	2106.203584	2549.644672	44
5470000	103.2996864	269.4909856	359.62336	90
5470500	93.0490048	351.411488	588.139936	60
5471000	196.7168096	588.423104	898.775232	52
5471040	44.0043072	192.1578048	333.005568	10
5471050	182.6999936	423.619328	575.963712	31
5471200	131.2200512	367.268896	521.878624	49
5471500	268.2167296	517.914272	641.37552	71
5472500	194.3381984	525.559808	718.114048	71
5473400	210.676992	383.409472	468.926208	38
5473450	46.4678688	174.4881216	281.4406752	19
5473500	65.8648768	209.6575872	304.122432	24
5474000	669.69232	1313.333184	1628.216	102
5474500	5088.52896	7945.69408	9194.46496	60
5476500	76.5119936	303.556096	494.411328	43
5476750	157.8095264	400.116384	542.833056	77
5478000	37.7462944	130.5687648	201.4173984	23
5479000	142.008752	418.522304	583.609248	76
5480000	53.6320192	182.7566272	258.7306016	42
5480500	369.251072	925.95936	1228.099616	86
5481000	178.962176	472.607392	647.888384	76
5481300	589.272608	1314.749024	1648.887264	49
5481500	426.16784	1161.555136	1615.756608	62
5481650	479.96976	1180.527392	1571.016064	15
5481950	91.8030656	249.046256	346.314464	57
5482000	462.413344	1191.570944	1632.46352	48
5482135	47.005888	95.9373184	118.2792736	13
5482170	21.8605696	66.686064	92.5393024	32
5482300	149.512704	304.122432	378.312448	58
5482500	257.7678304	577.379552	743.032832	77
5483000	7.19813056	16.40392224	21.09035264	40
5483450	124.6505536	423.052992	634.579488	38
5483600	136.3170752	260.0614912	319.696672	13
5484000	359.340192	903.872256	1209.976864	77
5484500	487.898464	1234.329312	1681.734752	102
5484650	667.993312	1717.697088	2298.474656	23
5484800	87.0175264	277.5895904	423.619328	45
5484900	650.720064	1701.556512	2286.5816	27
5485500	920.296	2092.328352	2672.539584	37
5485605	56.3787488	107.9153248	136.6002432	13
5485640	76.313776	197.8494816	270.0856384	44
5486000	122.4418432	457.033152	726.32592	77
5486490	245.7615072	516.7816	652.985408	77
5487470	374.631264	930.773216	1218.188736	77
5487540	15.81776448	41.908864	58.6440928	10
5487550	23.96733952	45.2219296	55.1328096	11
5487980	251.170016	651.569568	952.293984	54
5488000	197.3114624	418.522304	529.52416	17
5488200	92.9357376	375.763936	653.551744	31
5488500	1014.590944	2348.595392	3112.01632	49
5489000	289.680864	1041.208736	1721.66144	69
5489500	1076.604736	2224.850976	2899.64032	52
5490500	1181.943232	2660.36336	3570.74848	61
5491000	96.1638528	215.4058976	278.5523616	23
5494300	130.9368832	349.995648	472.324224	40
6483270	146.397856	810.143648	1426.317216	15
6483290	163.246352	732.272448	1252.168896	15
6483500	227.8369728	971.832576	1524.293344	69
6484000	26.94626688	191.987904	369.251072	21
6485500	361.888704	1533.071552	2489.896224	89
6600000	68.66824	208.5815488	295.061056	53
6600100	59.9183488	349.429312	631.747808	61
6600300	81.0993152	240.975968	338.102592	56
6600500	131.2200512	564.636992	983.725632	82
6602020	105.7066144	274.814544	369.53424	73
6602400	190.2322624	454.767808	587.5736	77
6605000	81.0709984	217.897776	287.698688	39
6605600	144.7554816	572.282528	919.163328	15
6605850	144.5006304	427.300512	609.943872	44
6606600	225.0902432	658.931936	942.666272	91
6606700	243.4395296	658.648768	901.040576	30
6607000	31.9130336	125.1319392	208.4682816	18
6607200	216.5668864	520.462784	676.488352	75
6607500	297.609568	1075.755232	1574.130912	77
6608500	270.991776	723.211072	981.17712	77
6609500	359.340192	805.046624	1035.545376	87
6610500	17.87073248	95.1161312	158.4891296	22
6610520	100.5529568	340.367936	522.161792	15
6806000	91.3499968	337.819424	557.84096	24
6807410	282.884832	650.720064	851.486176	57
6808000	27.8070976	71.2450688	96.135536	16
6808500	422.486656	1031.297856	1338.818304	68
6809000	28.9397696	173.8085184	345.46496	22
6809210	291.66304	759.456576	1019.4048	56
6809500	331.589728	861.113888	1221.303584	89
6810000	511.967744	1144.281888	1513.249792	90
6811840	96.4470208	334.13824	518.19744	38
6817000	406.34608	1059.897824	1442.174624	89
6818750	160.1881376	298.459072	369.53424	43
6819185	169.759216	290.813536	342.63328	33
6819190	129.4360928	299.025408	386.52432	24
6897950	174.14832	653.551744	951.161312	49
6898000	260.3163424	703.106144	1012.3256	85
6898400	186.7209792	530.656832	790.321888	33
6903400	118.3075904	397.284704	620.421088	51
6903500	20.01431424	90.7836608	157.8944768	11
6903700	215.7456992	763.704096	1194.402624	49
6903900	185.1069216	745.864512	1191.287776	13
6904000	185.050288	652.135904	1002.41472	22